0.000000 0.000000 -0.000000 -0.059675 -0.047135 -0.001193 0.997104
0.000000 0.000000 -0.000000 -0.059675 -0.047135 -0.001193 0.997104
-0.035427 -0.063442 -0.009163 -0.038761 -0.131526 -0.180687 0.973936
0.049474 0.012200 0.116557 -0.020767 -0.015994 -0.269712 0.962584
0.079898 -0.026405 0.203417 -0.026202 0.006403 -0.432834 0.901070
0.074046 -0.124126 0.240938 -0.005522 0.025443 -0.546305 0.837181
0.060910 -0.219368 0.206936 0.051185 0.050367 -0.623960 0.778150
0.052809 -0.276780 0.153599 0.136049 0.109206 -0.697008 0.695517
0.060079 -0.284649 0.207159 0.022761 0.025683 -0.641434 0.766410
0.119342 -0.258171 0.219276 0.023415 0.020140 -0.479583 0.876953
0.179594 -0.219526 0.208727 0.030244 0.024764 -0.351456 0.935388
0.224924 -0.173190 0.190013 0.047389 0.033251 -0.178285 0.982275
0.258874 -0.124282 0.184185 0.051221 0.042408 -0.035158 0.997167
0.283154 -0.066634 0.178891 0.053780 0.057190 0.070387 0.994426
0.294654 0.004716 0.172111 0.021691 0.075313 0.195159 0.977635
0.301865 0.046983 0.152905 -0.011798 0.132320 0.252594 0.958409
0.311049 0.017920 0.199986 0.014889 0.054222 0.168519 0.984093
0.330512 -0.066651 0.316260 0.055163 -0.020772 0.122453 0.990722
0.261071 -0.188763 0.146407 0.040856 -0.000544 -0.021175 0.998940
