[[[ 0.2130127   0.23305134  0.25309    ...  0.49626786  0.47007722
    0.441889  ]
  [ 0.23646218  0.2604212   0.28438014 ...  0.5415906   0.5158254
    0.48759982]
  [ 0.25991166  0.287791    0.31567028 ...  0.5869133   0.5615736
    0.53331065]
  ...
  [ 0.4080649   0.42669347  0.44532204 ...  0.418213    0.4017939
    0.38218665]
  [ 0.38004696  0.4011068   0.42216665 ...  0.40014085  0.3832355
    0.3647086 ]
  [ 0.3466497   0.36884817  0.39104667 ...  0.37811437  0.3609333
    0.34350538]]

 [[ 0.58496094  0.60786223  0.6307636  ...  0.7325554   0.6516689
    0.5681434 ]
  [ 0.60250235  0.62236464  0.64222693 ...  0.7689006   0.69056696
    0.60834813]
  [ 0.6200438   0.63686705  0.6536903  ...  0.80524576  0.72946495
    0.6485529 ]
  ...
  [-0.3849259  -0.41376263 -0.44259933 ... -0.376412   -0.34123817
   -0.29936087]
  [-0.3683588  -0.39640534 -0.4244519  ... -0.36578593 -0.3320101
   -0.29154855]
  [-0.3466347  -0.3734583  -0.4002819  ... -0.3506883  -0.31883678
   -0.28058457]]

 [[-0.00675201 -0.00405352 -0.00135502 ...  0.003653    0.01108265
    0.01791527]
  [-0.00410776 -0.00368949 -0.00327121 ... -0.00122029  0.00609409
    0.01337185]
  [-0.00146351 -0.00332545 -0.0051874  ... -0.00609358  0.00110553
    0.00882843]
  ...
  [-0.00847155 -0.00505625 -0.00164095 ... -0.04143498 -0.05578031
   -0.07035996]
  [-0.02495681 -0.0185913  -0.01222579 ... -0.04477384 -0.05835179
   -0.07217743]
  [-0.04121703 -0.03256347 -0.0239099  ... -0.04712189 -0.06021031
   -0.07359402]]

 ...

 [[-0.60595703 -0.6083934  -0.61082965 ... -0.51339006 -0.46490693
   -0.42370284]
  [-0.619844   -0.6264134  -0.63298273 ... -0.5347864  -0.48581696
   -0.44355696]
  [-0.63373095 -0.64443344 -0.65513587 ... -0.5561827  -0.506727
   -0.4634111 ]
  ...
  [-0.05504715 -0.04467163 -0.03429611 ...  0.03449702  0.02385946
    0.00932887]
  [-0.05920416 -0.04678487 -0.03436557 ...  0.03600781  0.02292377
    0.00531254]
  [-0.06629437 -0.0523826  -0.03847082 ...  0.03157784  0.01659498
   -0.00312184]]

 [[ 0.05880737  0.07886124  0.09891511 ... -0.3067037  -0.31839812
   -0.33080593]
  [ 0.07959214  0.10140105  0.12320995 ... -0.3088389  -0.3202294
   -0.33251134]
  [ 0.1003769   0.12394085  0.14750479 ... -0.3109741  -0.3220607
   -0.33421677]
  ...
  [ 0.04932643  0.05096761  0.05260879 ...  0.03608824  0.0302121
    0.02083022]
  [ 0.05232617  0.05565403  0.0589819  ...  0.03514112  0.02946632
    0.01966542]
  [ 0.05170677  0.0567973   0.06188782 ...  0.03032448  0.02495665
    0.01518018]]

 [[-0.21984863 -0.2417145  -0.26358038 ...  0.15622841  0.11873922
    0.08295424]
  [-0.256576   -0.27847227 -0.30036852 ...  0.16660728  0.12802403
    0.08990332]
  [-0.29330337 -0.31523004 -0.33715665 ...  0.17698613  0.13730884
    0.09685241]
  ...
  [ 0.28135592  0.31410217  0.34684846 ...  0.33825117  0.29966
    0.25291413]
  [ 0.25333798  0.28225505  0.31117213 ...  0.30957678  0.2692533
    0.22248416]
  [ 0.21887405  0.24367543  0.26847678 ...  0.27715433  0.23637363
    0.19072086]]]